1.840455664885492393e+00
1.868122489042329804e+00
1.942047274346872854e+00
2.082605472304719374e+00
2.089338857877072186e+00
2.277786987925427553e+00
2.313089638893969457e+00
2.522271725959247313e+00
2.546610126317840450e+00
2.587406719188100723e+00
2.600930340679316277e+00
2.608015316490785107e+00
2.617628779068662315e+00
2.644866328076972195e+00
2.720964138475669980e+00
2.752977574415215845e+00
2.764223115611175619e+00
2.788090100714485153e+00
2.889488738128178635e+00
2.892722009666060412e+00
2.897839918868760911e+00
2.915233042446070399e+00
2.928940156204992373e+00
2.935209031516754496e+00
2.965836752251928665e+00
2.982000793748930345e+00
3.009931109468086063e+00
3.040174822639323260e+00
3.041934796972964428e+00
3.046387694882605413e+00
3.057494428525115104e+00
3.082246965126529403e+00
3.083271935502685857e+00
3.083445701200966838e+00
3.116479283043982029e+00
3.127726614724069876e+00
3.132960859508128859e+00
3.135012350643936685e+00
3.140132395201326698e+00
3.143835649630261742e+00
3.153048450657908841e+00
3.160623474973859537e+00
3.164108360994736024e+00
3.173661525024454200e+00
3.174156237403738423e+00
3.174340135595184353e+00
3.184797818227435240e+00
3.217096816897369038e+00
3.218387583836091359e+00
3.232260066416800193e+00
3.238866805913989122e+00
3.240475927928931910e+00
3.243285425808255518e+00
3.253122317050943124e+00
3.263577255013392353e+00
3.266491243403488731e+00
3.276529778103078883e+00
3.315546780341751543e+00
3.322573844934339604e+00
3.331611050366434235e+00
3.338940706046387596e+00
3.354498538036477129e+00
3.354946938373171150e+00
3.362050575692789423e+00
3.366941260393115698e+00
3.369572804724477066e+00
3.382643698657274101e+00
3.385850343039868982e+00
3.388472487593396032e+00
3.406983695643339694e+00
3.407558948814743971e+00
3.413636198460723747e+00
3.418182415108057981e+00
3.420896025671191776e+00
3.421812285749236349e+00
3.427846806867956175e+00
3.452753814613934935e+00
3.453776585523632647e+00
3.464289435740952605e+00
3.465559347337620277e+00
3.488851743448477372e+00
3.499213543315549568e+00
3.503277049476916538e+00
3.515215280546860832e+00
3.524345960509105424e+00
3.528701586691151970e+00
3.531782154134311291e+00
3.539207694156881523e+00
3.548267712830678988e+00
3.549787004739848761e+00
3.557236068707749332e+00
3.576348645504277890e+00
3.593128287266646126e+00
3.599536969013210186e+00
3.599842604474162933e+00
3.616279166538758805e+00
3.618186436909565096e+00
3.634118349547314164e+00
3.645013422222456612e+00
3.649513043113990385e+00
3.652831265956660189e+00
3.660485687346232808e+00
3.662707344136038046e+00
3.663272696583815158e+00
3.670655075853025195e+00
3.676806758807468878e+00
3.677223612632642968e+00
3.681972503813204511e+00
3.692496782793504018e+00
3.700073088761123508e+00
3.701973487152122821e+00
3.707907608226960861e+00
3.711268570650263499e+00
3.715832043029018816e+00
3.717345772717532526e+00
3.728108922810775550e+00
3.745753606934848268e+00
3.763979222850921680e+00
3.782068948700302080e+00
3.783889979337003773e+00
3.796076656012362882e+00
3.810137012982313109e+00
3.820177584945471772e+00
3.823774564891207817e+00
3.825892561893374122e+00
3.830929112463724362e+00
3.833731763705406248e+00
3.843136926925524222e+00
3.846338226323878562e+00
3.855216735185308607e+00
3.858046307100070571e+00
3.859577082755070165e+00
3.867742927016967869e+00
3.870273561024319076e+00
3.877430698005166487e+00
3.878418918550786465e+00
3.880699068533573382e+00
3.881882114515792459e+00
3.881897483557345652e+00
3.883968522006118640e+00
3.886347640199419473e+00
3.887840291512135948e+00
3.890117805429969433e+00
3.891091698014694344e+00
3.895417829949402666e+00
3.899816549710490854e+00
3.900712964630121071e+00
3.903536443212124230e+00
3.904077927550009264e+00
3.906846538982134298e+00
3.912881188895257267e+00
3.925396352807928757e+00
3.928052395230316129e+00
3.942125917818259939e+00
3.952599043581191296e+00
3.955106658397280484e+00
3.958386877748295785e+00
3.959242912883781162e+00
3.969104622098712731e+00
3.970107591651110379e+00
3.970336857972141864e+00
3.978366470829100443e+00
3.981136580406531067e+00
3.981890828933924098e+00
3.983019496122477854e+00
3.989794679374668362e+00
3.990910627989397330e+00
3.995372071951061699e+00
3.999718260432479688e+00
4.001397754939223006e+00
4.005983852033908832e+00
4.006938049770899291e+00
4.011243831887700395e+00
4.011268125229601189e+00
4.015756332387082850e+00
4.018665558173355912e+00
4.024025914867316089e+00
4.025414954139750812e+00
4.026455453484156344e+00
4.029037759038551769e+00
4.035864752136189892e+00
4.037132022043281587e+00
4.037946375734814630e+00
4.038342023863344288e+00
4.045025793021254756e+00
4.046753937805894097e+00
4.047339178607052723e+00
4.047906392074014370e+00
4.048108646285472290e+00
4.052134786637936692e+00
4.052351852318587078e+00
4.066223367878282424e+00
4.066544776134383810e+00
4.069044428673354474e+00
4.071782772017771279e+00
4.078239230728200937e+00
4.080924055597494160e+00
4.081926412129806003e+00
4.089339736051635477e+00
4.091146822735872490e+00
4.092574433952473889e+00
4.093889439132468944e+00
4.098161455008824561e+00
4.099879192154875618e+00
4.101414221856377829e+00
4.101843231937231771e+00
4.108232448549200555e+00
4.113647627830599340e+00
4.118613684133861419e+00
4.121492401323552102e+00
4.130437235477127267e+00
4.130610924378951054e+00
4.132356486056237621e+00
4.135686912055771991e+00
4.137208924632963303e+00
4.137315619060825789e+00
4.145714748468818378e+00
4.146431664835504627e+00
4.147530021778621290e+00
4.147699778243022273e+00
4.148371239589032200e+00
4.150552651817156047e+00
4.151363417443389103e+00
4.154187312894570105e+00
4.156820431925003945e+00
4.159658275395791804e+00
4.159773639343433693e+00
4.165062172991068401e+00
4.165301876475956178e+00
4.166144413758845921e+00
4.166618476674911697e+00
4.167357973436253360e+00
4.169552468641557041e+00
4.182369422520220148e+00
4.184219981640442398e+00
4.188041166092417278e+00
4.190656251645853203e+00
4.194181764294543591e+00
4.194762383829872654e+00
4.198964670364592422e+00
4.201318023688696002e+00
4.205494806460266410e+00
4.208955117909166432e+00
4.217081287870570350e+00
4.233597441720126753e+00
4.237911951514160336e+00
4.240070167486935659e+00
4.240948387281227916e+00
4.246228494182032520e+00
4.250066820645090893e+00
4.251134714939440506e+00
4.254501394839054207e+00
4.257637606459685031e+00
4.258484631556219924e+00
4.258954901937006987e+00
4.259768182616557652e+00
4.260642434374456222e+00
4.261844215416836334e+00
4.263021900633907180e+00
4.264887473301602228e+00
4.265724383095006900e+00
4.266132838909292957e+00
4.274926216704004744e+00
4.277309979908940463e+00
4.277384952428143094e+00
4.279617760841113672e+00
4.281146225152109963e+00
4.281251227485462607e+00
4.286038072499764873e+00
4.286622557901988984e+00
4.292492510696990671e+00
4.295241408302318931e+00
4.299975234983691053e+00
4.300640896256440193e+00
4.302676907115291272e+00
4.307550233327546607e+00
4.312012700121869990e+00
4.312445139660964877e+00
4.313959762973206935e+00
4.315422811348041954e+00
4.316992904837218425e+00
4.318489573095710909e+00
4.323274129311410974e+00
4.328907725369873560e+00
4.330414381046288952e+00
4.331934844705514820e+00
4.352073623545589243e+00
4.357582749988327286e+00
4.357784405563701391e+00
4.360548584820433504e+00
4.361304670187559296e+00
4.365247323988364236e+00
4.375411936853608630e+00
4.386554761612710962e+00
4.388116312614335435e+00
4.391816307379753148e+00
4.394633411363225939e+00
4.399054287468109337e+00
4.406646324413391547e+00
4.411852830776613388e+00
4.417263673056478268e+00
4.419656726286411264e+00
4.420598575576923039e+00
4.420775520871624842e+00
4.424404410394826570e+00
4.427119632404881600e+00
4.430533674637905150e+00
4.435402792359940172e+00
4.439128208645230167e+00
4.457164484968201279e+00
4.457770650846781813e+00
4.463331342993940076e+00
4.466581594022505541e+00
4.471630870879630848e+00
4.479311716013561373e+00
4.479549576297825908e+00
4.481546920207938989e+00
4.482783811720522316e+00
4.490092225356296041e+00
4.491006401085057220e+00
4.492881272143672611e+00
4.494238057905126205e+00
4.495561714370607476e+00
4.496709708029712260e+00
4.502048128103549374e+00
4.503093254463271577e+00
4.503201638597261081e+00
4.508282036514954072e+00
4.509501550006688397e+00
4.510584825843560353e+00
4.511996844608363588e+00
4.513292861066670270e+00
4.514290274859169116e+00
4.518172939180653991e+00
4.519566457423213279e+00
4.529508313770242545e+00
4.531346919365937254e+00
4.531400957108792760e+00
4.534489351616799446e+00
4.534877790687306565e+00
4.540145627864919042e+00
4.540886276232051877e+00
4.545379764089368280e+00
4.550455577831840515e+00
4.552740383575313743e+00
4.552942446094241369e+00
4.560230557729718193e+00
4.564504604387979114e+00
4.565575638825023042e+00
4.567684519185013947e+00
4.571145387205607591e+00
4.572987661612558874e+00
4.573170602283726183e+00
4.574462901398226755e+00
4.575889573375142128e+00
4.575961192537296718e+00
4.576370557792746041e+00
4.579277697958826110e+00
4.586325844301041066e+00
4.591461644527243813e+00
4.594976621788971372e+00
4.595152291610544282e+00
4.598757068059414976e+00
4.599240017324268237e+00
4.601572038300813183e+00
4.609853921468741511e+00
4.612321703857235278e+00
4.618538128305377910e+00
4.620841572554978960e+00
4.622596414629132511e+00
4.626632302919660766e+00
4.630601560135786166e+00
4.634861571076489106e+00
4.635487040656125046e+00
4.649245509071515237e+00
4.657679899942915647e+00
4.665191111355548870e+00
4.665795901419151015e+00
4.666515736909958356e+00
4.671189256988381722e+00
4.672276484177721123e+00
4.675375116121422536e+00
4.676268927754325233e+00
4.676779348162737548e+00
4.679901115657504995e+00
4.680002000861173350e+00
4.685253507226670777e+00
4.687284446731432297e+00
4.687927737281822438e+00
4.688909808492484288e+00
4.689371302221482019e+00
4.692779653320112487e+00
4.693917336079021396e+00
4.698665968186277908e+00
4.698980577309868067e+00
4.699324252631052801e+00
4.702389817595443944e+00
4.713478735056704672e+00
4.716500406531806355e+00
4.718283144284233011e+00
4.719749398789268469e+00
4.722063609860081890e+00
4.722849219405700794e+00
4.724305429360773800e+00
4.725618981013277597e+00
4.728302866056700360e+00
4.733278823323642470e+00
4.733798001181916959e+00
4.739481114259527672e+00
4.744320088704445659e+00
4.745919379623525280e+00
4.767709932288947350e+00
4.773385066089541162e+00
4.777291014066057606e+00
4.778047333845918843e+00
4.786854536770914770e+00
4.790647105332385358e+00
4.792311034973591788e+00
4.793892483448375152e+00
4.801927672416412385e+00
4.803538397738228660e+00
4.803917349366496836e+00
4.807492741093274624e+00
4.808290653394760028e+00
4.808885021071629851e+00
4.809376795159400864e+00
4.810279184563706067e+00
4.816019407108272254e+00
4.816883940440519929e+00
4.818183761771607898e+00
4.822573613888371469e+00
4.826907364574304360e+00
4.831693328824212763e+00
4.836483092539836548e+00
4.839819334720792732e+00
4.840102782850578045e+00
4.840767921033123145e+00
4.840782022412977170e+00
4.843912073886943226e+00
4.847801806718766038e+00
4.848663560792455307e+00
4.853474667306452162e+00
4.853818169368926405e+00
4.860706332094256510e+00
4.866302220904191955e+00
4.866884698023593359e+00
4.869538554224656757e+00
4.873874176454972229e+00
4.875585680246115494e+00
4.877247218671944218e+00
4.878757341338929798e+00
4.879140618680509967e+00
4.879403120769223889e+00
4.880087291308089270e+00
4.883268475151803401e+00
4.884544767441973079e+00
4.885773238807005647e+00
4.888596412567643767e+00
4.889925143146517605e+00
4.890128499927159922e+00
4.891771509119137384e+00
4.894742445049663715e+00
4.897021551253017080e+00
4.900254728799035675e+00
4.901679505534012549e+00
4.908920733324562136e+00
4.912977058573029687e+00
4.913063602173259881e+00
4.915238302957777528e+00
4.917479864712444915e+00
4.920116947714365807e+00
4.923427662290109197e+00
4.923955878070361614e+00
4.929025264235225912e+00
4.934147928781034587e+00
4.943533935021366510e+00
4.947594995049274580e+00
4.949785716476386987e+00
4.955629478771236052e+00
4.957546074616526077e+00
4.958899205866835302e+00
4.960489174209026686e+00
4.961532505786894198e+00
4.964520660209638336e+00
4.972332514778044832e+00
4.984957583237102696e+00
4.986777283737828803e+00
4.987253019834339440e+00
4.996537070059721586e+00
4.996646731165762745e+00
4.998468670278194637e+00
5.001675597542957874e+00
5.001896480036068127e+00
5.003143120346586592e+00
5.009332098241309872e+00
5.012996745289529876e+00
5.019293966151320951e+00
5.021178942713316218e+00
5.021774459490283782e+00
5.021947984023074518e+00
5.023093423270318603e+00
5.023458768266189978e+00
5.026362663155975241e+00
5.027349803352393565e+00
5.028392128732739330e+00
5.029212896167269520e+00
5.030243283446869995e+00
5.037368704358141436e+00
5.045500440648284624e+00
5.045778689276339435e+00
5.047277059586599002e+00
5.050571263608722106e+00
5.053177297324197070e+00
5.054210720038708082e+00
5.054444617409031615e+00
5.055588105388194364e+00
5.056976563384361079e+00
5.057840075576168104e+00
5.062839230086698450e+00
5.065593088251603149e+00
5.068107964832083923e+00
5.068137303713075248e+00
5.075063194091609553e+00
5.080513203550339085e+00
5.081068941720428889e+00
5.082237941699120576e+00
5.082376110027330363e+00
5.089972076461481976e+00
5.090257725210522111e+00
5.092264099601381488e+00
5.096474193353230042e+00
5.100612682712462487e+00
5.101288733052111724e+00
5.113036877231672328e+00
5.117463839981294171e+00
5.117480212817481444e+00
5.120486898520946184e+00
5.123076409504355055e+00
5.123426824937516777e+00
5.126918242880556420e+00
5.128441429575026689e+00
5.128576282607504311e+00
5.132653250241880016e+00
5.134014862421624414e+00
5.135952647512682212e+00
5.137401527449912741e+00
5.137727550359219464e+00
5.138447850944651840e+00
5.138505397211555525e+00
5.138824010749927673e+00
5.139572100437775681e+00
5.140426418260636510e+00
5.141832854967561595e+00
5.143674780564940541e+00
5.144189296645821585e+00
5.146127592179785992e+00
5.147663637391257652e+00
5.149524622749725999e+00
5.157010403799151099e+00
5.158136920428412431e+00
5.158258183598904090e+00
5.164436073382927539e+00
5.164436608441601351e+00
5.164595686855795620e+00
5.165283287122758971e+00
5.168628199897437270e+00
5.169046562538314404e+00
5.169220422336619158e+00
5.170136870148554387e+00
5.170475978671643880e+00
5.171063207732793821e+00
5.174618619671107922e+00
5.177216687564211384e+00
5.180362361754614398e+00
5.180903877124875656e+00
5.189164975495271115e+00
5.191605207759403484e+00
5.192285303094763549e+00
5.194448828790324768e+00
5.198002251634723514e+00
5.201063921242784716e+00
5.201097321732063961e+00
5.213211254352843937e+00
5.213320697306098594e+00
5.213895135691172911e+00
5.214966932858268400e+00
5.217050783812266168e+00
5.224124176943738540e+00
5.227417798711945451e+00
5.227581780969712710e+00
5.228373708209704596e+00
5.231793516109354059e+00
5.233922226141154432e+00
5.234152826408617898e+00
5.234442023822360568e+00
5.234672296689389270e+00
5.237846852493504457e+00
5.246662116984052382e+00
5.247036074481193246e+00
5.247636873382251821e+00
5.255774581415978197e+00
5.255833152176124123e+00
5.256468748632479482e+00
5.258975814225855139e+00
5.261605417095283954e+00
5.261978373306845924e+00
5.268106769746403018e+00
5.268869009581710117e+00
5.269425124413369410e+00
5.272063785558698257e+00
5.273545027905921501e+00
5.277250751837768483e+00
5.278237580554650421e+00
5.279573673179735138e+00
5.281478102789446183e+00
5.281950320888560313e+00
5.285326833678809955e+00
5.288379652612084314e+00
5.292174193120628978e+00
5.294420472563451163e+00
5.295963359135959614e+00
5.298463353611814419e+00
5.301188057419275346e+00
5.304702892319605567e+00
5.306515795935132118e+00
5.307509078232728328e+00
5.314817514475603133e+00
5.316608886361370523e+00
5.320735406628925190e+00
5.321771375420709660e+00
5.323005050849080710e+00
5.325389515344824964e+00
5.325835372767675935e+00
5.329595303843025711e+00
5.332824027540553402e+00
5.334543960831732434e+00
5.336733278988558205e+00
5.338608760792355135e+00
5.343058805821718771e+00
5.350407503229360984e+00
5.350436287850889983e+00
5.351388963067059912e+00
5.355651842345605651e+00
5.355784579740366702e+00
5.356847306050045887e+00
5.356885796646539966e+00
5.361197810414207510e+00
5.364340604815182267e+00
5.365847486303665370e+00
5.368153534246444814e+00
5.369456986870817516e+00
5.369878609159119520e+00
5.373594075807011983e+00
5.373685113080759912e+00
5.374975695191408498e+00
5.383857588918671944e+00
5.386405271555563701e+00
5.389316147782817978e+00
5.392462950626192963e+00
5.395456096199210627e+00
5.395634760900082760e+00
5.396242891956006815e+00
5.397437369536889129e+00
5.398668813016622714e+00
5.400379897730576140e+00
5.403374766787130135e+00
5.406466196002490676e+00
5.406484445984181875e+00
5.407025439180078052e+00
5.409945007430272845e+00
5.410718814402857291e+00
5.411803590063530400e+00
5.413659293467782518e+00
5.414113324251164094e+00
5.415452453158849266e+00
5.423980116167149923e+00
5.424008007152001376e+00
5.424095890884942150e+00
5.428939700672883895e+00
5.429819189937627577e+00
5.434954008009412085e+00
5.441241475761636082e+00
5.445695046787498939e+00
5.445951237133741962e+00
5.447413995829415434e+00
5.448801501881955112e+00
5.449709312930152372e+00
5.457509811003649958e+00
5.458237936891889852e+00
5.460109911174962249e+00
5.464847689325326385e+00
5.467612672349611458e+00
5.470853359956374895e+00
5.472112195809245350e+00
5.475724255743268820e+00
5.477471566883516552e+00
5.477709350794956578e+00
5.480401275418267382e+00
5.484512806883575564e+00
5.496996582892209382e+00
5.497723694523277693e+00
5.501288320891168482e+00
5.510993701658610355e+00
5.516884526308963643e+00
5.517326851340654592e+00
5.522405766486398804e+00
5.522671693245284175e+00
5.524368044377907516e+00
5.526870329728027720e+00
5.528980563222743783e+00
5.529281585632647378e+00
5.530888257290238919e+00
5.538434132358515782e+00
5.545214478375969591e+00
5.545865133344284992e+00
5.550875776537015582e+00
5.551737963469046022e+00
5.555593654948896010e+00
5.559690521042023548e+00
5.561973209103977744e+00
5.563624671401748323e+00
5.566532766965631041e+00
5.568956643440000853e+00
5.572917840692213076e+00
5.573526747001604775e+00
5.579981104558995320e+00
5.600908722668194173e+00
5.603604055140586127e+00
5.603670289516975878e+00
5.613702397402026811e+00
5.618034263446967991e+00
5.618495396106331974e+00
5.620067315230271809e+00
5.626984120466047123e+00
5.634563508551345912e+00
5.635539186856734162e+00
5.635729736446437599e+00
5.636316835868902864e+00
5.640283771364731358e+00
5.643566961768417656e+00
5.646994731119722388e+00
5.655426904456576587e+00
5.656945173872817811e+00
5.659630870356281207e+00
5.661018750406924482e+00
5.661037296421227438e+00
5.665809027819322274e+00
5.668597857097020132e+00
5.671091500587007950e+00
5.686837704078863354e+00
5.692946049707473755e+00
5.697768724057285183e+00
5.698465957250791192e+00
5.703399563110878034e+00
5.704084691610332492e+00
5.709680265401584798e+00
5.713187559760041445e+00
5.717387607249547088e+00
5.727722842792521973e+00
5.730276686304253353e+00
5.731053668883820507e+00
5.732352285451925766e+00
5.736171789438449409e+00
5.736366370564781825e+00
5.738007493592997221e+00
5.743737797705367853e+00
5.743844002678638816e+00
5.746392775684494580e+00
5.752409292790515494e+00
5.756857898646671856e+00
5.757712869141113465e+00
5.765079383696175341e+00
5.765371629549034260e+00
5.773609541701516079e+00
5.777659266714842090e+00
5.778676468254463572e+00
5.780078484095072966e+00
5.780469087493827374e+00
5.781809968999880311e+00
5.784118198571974290e+00
5.789268613423478982e+00
5.790204015996061493e+00
5.796581658862637987e+00
5.797312369501468332e+00
5.804120995661076421e+00
5.805666607263444412e+00
5.805928436412172822e+00
5.811232244684942039e+00
5.816133206592542848e+00
5.821476376862031898e+00
5.829648365388563569e+00
5.829822515462314669e+00
5.833862963501585064e+00
5.838025303800531418e+00
5.839362244100226640e+00
5.842720446275282420e+00
5.844539369981860411e+00
5.846030368786355957e+00
5.847661235148247094e+00
5.848267109447654377e+00
5.852822162781302850e+00
5.856346733007100624e+00
5.859459147900969000e+00
5.860805418384225973e+00
5.862321759986050651e+00
5.865829657659450191e+00
5.871448323176703177e+00
5.873804830961064205e+00
5.876043340236351220e+00
5.879467310225721555e+00
5.879569060417813020e+00
5.885357886492470492e+00
5.892431669241101844e+00
5.893688154180933836e+00
5.895923615830438003e+00
5.898288874748607746e+00
5.898322198391154458e+00
5.902938985216855450e+00
5.910517063206540911e+00
5.911351872102372340e+00
5.914099216827959360e+00
5.915627018922130276e+00
5.916349235881200208e+00
5.917716302930657868e+00
5.923287646642806159e+00
5.924346604260002813e+00
5.926853426398087876e+00
5.928460744924214154e+00
5.931473702880372123e+00
5.935752807136994491e+00
5.941837517425440751e+00
5.943570171173465866e+00
5.944981043330880510e+00
5.948573817165887512e+00
5.948584467630289474e+00
5.949427700290534027e+00
5.950500150857903847e+00
5.957254300241595857e+00
5.960495910119129270e+00
5.972347591351743645e+00
5.976309066381316981e+00
5.977220150032758639e+00
5.978748585281183026e+00
5.983106755414411282e+00
5.992113486305238546e+00
5.996014170382655273e+00
5.997860688696126985e+00
6.002458881375973831e+00
6.004900467167267664e+00
6.009962460191213829e+00
6.010184526878104450e+00
6.023704817243610066e+00
6.024262118423137302e+00
6.026801094378577694e+00
6.044702854173102935e+00
6.051996879614052638e+00
6.056816273537408257e+00
6.068251523883879450e+00
6.068266411306251662e+00
6.069425026681978252e+00
6.074168180158929786e+00
6.079602630035354061e+00
6.082304146776487563e+00
6.085027424229097370e+00
6.085447579918276340e+00
6.089171711130481057e+00
6.089887900945946342e+00
6.090970972169019504e+00
6.108742813044039544e+00
6.112029026388215769e+00
6.113628775936231996e+00
6.118804732512038491e+00
6.120624331419266539e+00
6.123904139361407317e+00
6.126493408292509102e+00
6.131157725710322914e+00
6.132177172680043142e+00
6.133755439056819192e+00
6.134069802348435907e+00
6.139080578840734326e+00
6.150088128421938194e+00
6.153362148679540233e+00
6.165178780785206314e+00
6.165680483845939364e+00
6.167558444623359115e+00
6.172063578056016020e+00
6.173301832368385256e+00
6.175314243395557234e+00
6.180016389273946587e+00
6.185985385213787602e+00
6.188499085928022225e+00
6.192974137601190421e+00
6.194558309299106114e+00
6.194761320305709695e+00
6.195715824954280748e+00
6.196822291572852137e+00
6.199486210849039836e+00
6.205349127273811050e+00
6.209843586413143157e+00
6.216594088897410941e+00
6.225554714129197365e+00
6.231565802379336994e+00
6.232720618406261792e+00
6.235062545502067621e+00
6.246355558177556944e+00
6.248705966807779788e+00
6.258123826248625399e+00
6.271783468095237346e+00
6.271966501096669866e+00
6.281289637748295185e+00
6.282018460830204987e+00
6.283777234702393244e+00
6.301525403611357490e+00
6.303209504821342790e+00
6.303392987823759341e+00
6.315024193824688048e+00
6.317148171812950963e+00
6.321831668581634034e+00
6.328709329165514319e+00
6.344050165106831507e+00
6.356396209531174790e+00
6.356593286410751276e+00
6.387730191840515381e+00
6.388002582496092430e+00
6.403937745257090697e+00
6.407915427648797291e+00
6.411611209989095173e+00
6.415986458094717015e+00
6.420835453730155962e+00
6.431200022375774594e+00
6.440105456272859463e+00
6.440212453027640116e+00
6.440749096215500735e+00
6.443317446835044038e+00
6.446519348390502557e+00
6.447549529360710352e+00
6.447845951928087516e+00
6.448400324760096503e+00
6.451076068270394259e+00
6.464063559621722632e+00
6.466299826160884834e+00
6.470199161245973052e+00
6.483692391105371655e+00
6.499374566991363622e+00
6.507139267546365069e+00
6.509302789764181973e+00
6.522382524597649223e+00
6.527567930355793635e+00
6.529942230011092974e+00
6.532350554914733820e+00
6.542706187296476017e+00
6.550664877551285237e+00
6.605144751612909815e+00
6.610661444035455858e+00
6.614403182601355624e+00
6.617611109965873872e+00
6.623248254527176471e+00
6.623848218378516783e+00
6.625064547453805908e+00
6.635786452388264145e+00
6.640256899826858294e+00
6.674623284653895539e+00
6.677455056648830656e+00
6.685618102642337135e+00
6.697115538960881409e+00
6.723474851549389619e+00
6.735002972559636092e+00
6.735226420750961118e+00
6.738880544293238017e+00
6.744470021879967803e+00
6.756716239748680408e+00
6.784044112131439874e+00
6.811051727246436371e+00
6.911452190650758887e+00
6.913797976931896017e+00
6.938527671795597485e+00
6.954992145254285774e+00
6.971861450742916411e+00
6.973064053996083089e+00
7.024093794516556244e+00
7.068890800148993847e+00
7.091975339343159490e+00
7.103430837026321498e+00
7.122553147093849901e+00
7.129469802802278267e+00
7.151155208178691325e+00
7.155693626143991182e+00
7.174258104489352306e+00
7.183505674903971183e+00
7.196353970665173350e+00
7.216251228562949649e+00
7.229507830686282333e+00
7.274003145807471427e+00
7.275709967760555230e+00
7.385405561459574386e+00
7.668215566375932823e+00
7.682103474293244361e+00
7.835867413761836708e+00
7.968999222241469838e+00
8.217370885172243788e+00
