2.891745058455589046e+00
3.028311615947021807e+00
3.088126282808969947e+00
3.225983148430129788e+00
3.283694841664783759e+00
3.454883019719028336e+00
3.457485774080840457e+00
3.462684673735277219e+00
3.504249334690622941e+00
3.613963949206636883e+00
3.628111735636569080e+00
3.631471941807333348e+00
3.649435283787744400e+00
3.695370831810417478e+00
3.747692949595176959e+00
3.779501289014429499e+00
3.803138304943253445e+00
3.850498839715134736e+00
3.857488354477174752e+00
3.894439946083894100e+00
3.906010460339488066e+00
3.931603362259390888e+00
3.944302052621813548e+00
3.954401164755739106e+00
3.960875998160241274e+00
3.964358371146887716e+00
3.996455556922819063e+00
4.005754312751004242e+00
4.015344416532457217e+00
4.016611278413005692e+00
4.027817508226690713e+00
4.031046699184712701e+00
4.032759182658098851e+00
4.048752092580196305e+00
4.050427112323278678e+00
4.090481587382624795e+00
4.113722494897079862e+00
4.120365569456083676e+00
4.134077030002884179e+00
4.138673810548685772e+00
4.165295844808864167e+00
4.166593661389567771e+00
4.176631504986276333e+00
4.179085530616726274e+00
4.184943208269223724e+00
4.198912292639126242e+00
4.213739869227153712e+00
4.236874571880010265e+00
4.242291140440742403e+00
4.251136008024950286e+00
4.259790408441213039e+00
4.261727130402302777e+00
4.313132084208048056e+00
4.326244547783840488e+00
4.326816175086381833e+00
4.349131393225827757e+00
4.350265217874511592e+00
4.359170293297937704e+00
4.390064070808977092e+00
4.396306789952047822e+00
4.408656322486125489e+00
4.422159675811385249e+00
4.432004777270476481e+00
4.444301672734497721e+00
4.456057950068744944e+00
4.459338526221860555e+00
4.459907499017079502e+00
4.464241569031044854e+00
4.477894794575080439e+00
4.495516737708600274e+00
4.495787025948311033e+00
4.497590491471194163e+00
4.498881682372871005e+00
4.501714996730905582e+00
4.506603582218954074e+00
4.510499008604648807e+00
4.513415919703811952e+00
4.518855595147321935e+00
4.530014843302869743e+00
4.531852024593964856e+00
4.534958310329193054e+00
4.548678496924277503e+00
4.591221972419583075e+00
4.592445367712239879e+00
4.596158009164496683e+00
4.610784438587350209e+00
4.613327885475076329e+00
4.617650917404101385e+00
4.619257445881235213e+00
4.622678752088428489e+00
4.630240716774659759e+00
4.631014206332475069e+00
4.632639605908615898e+00
4.634289242440942758e+00
4.636497394683194884e+00
4.646928012948716713e+00
4.648385331186291047e+00
4.651094116645493770e+00
4.652809109433952983e+00
4.666384504017226931e+00
4.670493272917419780e+00
4.675801292433503065e+00
4.678805149504200678e+00
4.693451632175972499e+00
4.695591499559437665e+00
4.696154631076469244e+00
4.696772601214121323e+00
4.700600813519158372e+00
4.715565937565540544e+00
4.774858839575202296e+00
4.781899613036843633e+00
4.783507871592640015e+00
4.789008880631432596e+00
4.792991046615108885e+00
4.810234467959078053e+00
4.820322211669306967e+00
4.836689058685278653e+00
4.845291610484939504e+00
4.855023366587369438e+00
4.858910065988591320e+00
4.863409464083559897e+00
4.864569808149798114e+00
4.865645725718714232e+00
4.867007963631498235e+00
4.883917957867514481e+00
4.890794058099399599e+00
4.895780053975194335e+00
4.901236599088615975e+00
4.901288549971078545e+00
4.903148682241098122e+00
4.903445867494493626e+00
4.904068882550661534e+00
4.909176727085175607e+00
4.915076605401052845e+00
4.917777524726004046e+00
4.918815396479502056e+00
4.921585628830143833e+00
4.923871399588940712e+00
4.923945575571787359e+00
4.924466505136898320e+00
4.931205283119850513e+00
4.939357979852178282e+00
4.941158251813941860e+00
4.944881434052833313e+00
4.953458163687613158e+00
4.959866895839090795e+00
4.960366331286971686e+00
4.960980708504006742e+00
4.961914540770797188e+00
4.962317362184308855e+00
4.963154549536431759e+00
4.964150509041466819e+00
4.969204061140210626e+00
4.970737700163070372e+00
4.978652797770333649e+00
4.986051742509721940e+00
4.990190720991287243e+00
4.992738997187324834e+00
4.997026453276608216e+00
4.997180807840603478e+00
5.002123854007988868e+00
5.002495375867102467e+00
5.004207593903219120e+00
5.005660197030515235e+00
5.006292662778757396e+00
5.006395420962872933e+00
5.008153153661283774e+00
5.011490165423615473e+00
5.016108208782502409e+00
5.017437487948981811e+00
5.017576939463520347e+00
5.019823992852263217e+00
5.021181933495274308e+00
5.036624428335501058e+00
5.038237334831450198e+00
5.039906400821665855e+00
5.040229466532711200e+00
5.043230261336342224e+00
5.044774770895898541e+00
5.054699912044076981e+00
5.063908239240380027e+00
5.064288369853833238e+00
5.066060277908369436e+00
5.066203743748983968e+00
5.073057811580284238e+00
5.100710669283331278e+00
5.102595601349347199e+00
5.104272341313648376e+00
5.104771497176265882e+00
5.106871427237594574e+00
5.110876136456286467e+00
5.115391051199182471e+00
5.129075889072852945e+00
5.133959845913574682e+00
5.139619927529146537e+00
5.143674687699839154e+00
5.150177499105281775e+00
5.152792999445516386e+00
5.159235143538215773e+00
5.161163225930201826e+00
5.167792520284715252e+00
5.168547833440196193e+00
5.173761589757171819e+00
5.175395470826128275e+00
5.178351947972811509e+00
5.186368873803811397e+00
5.205166570870355613e+00
5.205545556708099042e+00
5.206492669382787319e+00
5.209972195419817709e+00
5.210384801453469272e+00
5.214232750150882723e+00
5.214644398644372458e+00
5.218178216861820040e+00
5.219989148223380226e+00
5.220071511061697755e+00
5.224480325930255020e+00
5.229250442393064802e+00
5.229529756798076967e+00
5.233079481411210487e+00
5.233765547593836942e+00
5.237746185276598965e+00
5.241067423920172885e+00
5.243329119490975465e+00
5.247044807153422141e+00
5.247864895032924082e+00
5.248445419738041906e+00
5.259436292561670889e+00
5.260355284947536347e+00
5.262786947208014432e+00
5.269129878727960126e+00
5.269326876749572008e+00
5.271350415432019432e+00
5.274280423179202870e+00
5.275556753438340074e+00
5.284411061085871886e+00
5.284677254198416385e+00
5.293153379409765158e+00
5.311341152492586204e+00
5.312436375684455925e+00
5.321015063167133796e+00
5.322742482270577113e+00
5.327964064085062290e+00
5.332017267599820975e+00
5.337246140040959652e+00
5.338020200151739836e+00
5.339768531387605321e+00
5.342058796247365571e+00
5.344081527367917417e+00
5.347809213796954175e+00
5.348376758756363536e+00
5.354599818659067090e+00
5.355250862389088873e+00
5.362267104451338362e+00
5.362584915578374911e+00
5.364289866034078536e+00
5.366203455024351143e+00
5.366311842694284628e+00
5.366932758719075380e+00
5.368398491936869021e+00
5.371252116075336147e+00
5.373496690265136877e+00
5.380737140496563597e+00
5.380749608382491722e+00
5.386123723030278754e+00
5.387312275848110232e+00
5.387806743885306560e+00
5.388991676618227089e+00
5.396525662156532732e+00
5.396795899353110215e+00
5.397679491475656732e+00
5.399468039072674586e+00
5.410138168969881534e+00
5.419239669870519194e+00
5.420087964530338809e+00
5.421956621400014775e+00
5.424364485847489092e+00
5.425580038625952284e+00
5.432812987157082496e+00
5.433999022425626713e+00
5.434218282667524491e+00
5.439802925841387804e+00
5.442524341126096843e+00
5.448313214974585428e+00
5.452091288999481478e+00
5.453013294746404505e+00
5.453465423577418925e+00
5.454401741326596387e+00
5.455621181684329635e+00
5.456723545956064569e+00
5.461588526655630993e+00
5.466377113599556026e+00
5.466383413892514476e+00
5.467858107813017732e+00
5.469060758412362944e+00
5.469628573396452254e+00
5.470548163203703851e+00
5.472079246647729711e+00
5.474252134658565083e+00
5.476651835670613089e+00
5.477970504524888540e+00
5.481455608025150639e+00
5.483600975249316001e+00
5.484349623730813583e+00
5.487091163619733258e+00
5.487443919388340419e+00
5.488784265512455462e+00
5.490790875574899310e+00
5.495776682568051186e+00
5.497838022944136149e+00
5.498759023005149515e+00
5.504934289651841617e+00
5.507508687213832133e+00
5.509406496724245983e+00
5.510020507373940113e+00
5.510791452633243992e+00
5.513488769989687732e+00
5.515053074369224539e+00
5.515856545831630875e+00
5.516919212967488662e+00
5.531636616466871104e+00
5.536820583955686104e+00
5.536972338898491053e+00
5.541620488038724091e+00
5.542161493747493672e+00
5.543590875459644352e+00
5.544600909796495891e+00
5.549870163149049240e+00
5.550747927597716291e+00
5.553660576890723455e+00
5.555554614996384366e+00
5.555702075652180660e+00
5.557001941393590272e+00
5.561014307658668443e+00
5.562401140572401204e+00
5.571997615823365280e+00
5.573470325533911307e+00
5.574037963176786015e+00
5.574208648894019014e+00
5.574831814325733603e+00
5.576306943811790262e+00
5.577034024548730429e+00
5.580677319145110893e+00
5.581274228909675728e+00
5.581295173418299171e+00
5.583548047561350813e+00
5.585835962367373675e+00
5.591030744515321338e+00
5.593845419475391267e+00
5.594281223786734536e+00
5.594597317704714357e+00
5.597090836082774246e+00
5.598937203314714672e+00
5.605075273882911269e+00
5.606302945635389001e+00
5.607141280438439956e+00
5.607356707450341204e+00
5.614153719143556209e+00
5.614641314114476423e+00
5.615110226067811183e+00
5.617975573633446018e+00
5.618943067786884349e+00
5.619146784067275746e+00
5.621643881039993573e+00
5.628435221923810516e+00
5.628766657158385200e+00
5.633423023027767762e+00
5.635981821929136437e+00
5.638109620292954816e+00
5.639609184297679434e+00
5.643095007140108699e+00
5.649700786128922125e+00
5.650312568562005033e+00
5.651570569049716219e+00
5.653698249603096748e+00
5.654320707847261929e+00
5.655372041249717263e+00
5.655848786041408616e+00
5.656303444616361809e+00
5.659214719799505744e+00
5.661375761098361714e+00
5.661714974173285064e+00
5.664374918799408576e+00
5.666372615733365592e+00
5.671379593865404800e+00
5.672754498479060992e+00
5.673443727705351769e+00
5.674966551306278362e+00
5.675393966570897675e+00
5.676485688520500617e+00
5.677790365390739780e+00
5.679498728160774057e+00
5.681398572720464557e+00
5.685468247072003933e+00
5.687970045245317685e+00
5.694167352299634111e+00
5.697834771885745830e+00
5.698099512747204720e+00
5.702474756592096128e+00
5.703189663105694862e+00
5.705548960792237168e+00
5.708451179481566662e+00
5.709983543850926324e+00
5.710653628998645814e+00
5.713399632807590223e+00
5.713445731753800771e+00
5.721973386391323579e+00
5.724477549940210075e+00
5.728371755869575921e+00
5.729490881833792848e+00
5.730389376224969133e+00
5.733859937076469571e+00
5.733925655838847391e+00
5.734906461638541231e+00
5.736063974002464150e+00
5.742060864320975178e+00
5.746204925654122775e+00
5.763838467579703639e+00
5.765256265067976393e+00
5.767531614817109187e+00
5.768090168581633925e+00
5.770021604143394711e+00
5.776426082197764877e+00
5.778382891230259943e+00
5.778562083037910746e+00
5.781044903362793086e+00
5.783217924144159916e+00
5.783684040620757472e+00
5.784213575662540130e+00
5.786804762266986479e+00
5.788043295095526730e+00
5.789922505365373340e+00
5.797261963578577593e+00
5.800568892895931583e+00
5.800603715880900957e+00
5.803870208132805075e+00
5.807923616311819082e+00
5.808271532627673928e+00
5.818337158867380232e+00
5.820075588608771611e+00
5.820349676583486342e+00
5.825568232419963799e+00
5.825980452065730120e+00
5.826222880880663979e+00
5.829105774716364152e+00
5.831569021099691774e+00
5.832097201572254086e+00
5.832806107221369274e+00
5.837721243236714486e+00
5.837761209380420091e+00
5.838412127565463017e+00
5.839780745069392154e+00
5.840577639184296288e+00
5.840580858381708929e+00
5.846398285476257506e+00
5.846476257523073095e+00
5.846881944879107174e+00
5.847326686521959971e+00
5.854534910515871715e+00
5.859520295633830145e+00
5.861878744131988839e+00
5.865675331952941995e+00
5.866967136309857445e+00
5.868627389226293900e+00
5.871371446647290604e+00
5.871674049243389426e+00
5.874022223807481957e+00
5.874128907937149258e+00
5.875482706896512752e+00
5.880881661993220710e+00
5.884470518930913663e+00
5.890179943571937748e+00
5.905438693503906933e+00
5.907604758577456039e+00
5.907693564776235640e+00
5.909128147518227792e+00
5.911462781578608272e+00
5.911943210608415100e+00
5.912024308424109975e+00
5.913531992427807360e+00
5.914755462641965167e+00
5.928326356381293571e+00
5.928333197457492432e+00
5.932121532496778649e+00
5.934505573036035209e+00
5.938105590072319195e+00
5.938703886265444432e+00
5.940048549140885648e+00
5.940188950467154783e+00
5.940860685607986191e+00
5.943031394441764981e+00
5.945221341212530319e+00
5.945565156502707893e+00
5.950118364981503483e+00
5.955637244040134171e+00
5.963357121394951221e+00
5.966683312154898111e+00
5.970240113644481816e+00
5.974786037975722941e+00
5.974827708098053414e+00
5.974951795092852791e+00
5.979817303149434160e+00
5.988791947849096964e+00
5.991768554148961812e+00
5.993291972789768884e+00
5.995383944043261693e+00
5.997376815429863228e+00
5.999233101379866540e+00
6.000697348020486821e+00
6.004689795457921697e+00
6.005454942889892678e+00
6.013352782351250703e+00
6.015712715173200387e+00
6.017203355916576513e+00
6.019655571006868655e+00
6.023837787850347958e+00
6.024661259714985562e+00
6.025626860968530174e+00
6.034661096599947427e+00
6.035619363129272941e+00
6.043305194911912537e+00
6.047805833807802678e+00
6.048949544689871338e+00
6.051797004349967146e+00
6.052892202544011724e+00
6.055535155862095564e+00
6.055555235630313504e+00
6.055965217355281816e+00
6.063839617210588173e+00
6.064178553675466432e+00
6.064266699532430138e+00
6.064906287725554179e+00
6.067677574132126495e+00
6.072061024452334976e+00
6.072307376280125624e+00
6.073719399006705544e+00
6.077847790483572155e+00
6.079973875862387800e+00
6.082714443796211512e+00
6.087905980718422150e+00
6.091315519706619774e+00
6.093037382706523175e+00
6.093297950234073390e+00
6.102889617691322321e+00
6.104410968800880077e+00
6.106145006635760097e+00
6.108237866769693269e+00
6.111815555721404891e+00
6.123098874277113524e+00
6.126772331196447929e+00
6.129114397886340271e+00
6.136168969802632489e+00
6.136537756684198541e+00
6.140244811513449363e+00
6.144643865236872671e+00
6.145398230522870264e+00
6.145575993546128934e+00
6.147009750762660651e+00
6.156055326013434303e+00
6.159834825280928960e+00
6.165483195292019936e+00
6.165849598414770760e+00
6.166985868228400669e+00
6.167745211068074163e+00
6.173378133879102059e+00
6.175643544816955988e+00
6.178464383951222771e+00
6.179805552833103732e+00
6.181644598220871423e+00
6.182193632254632476e+00
6.184010588533515040e+00
6.186720972958506870e+00
6.195353128774304885e+00
6.201936785948538144e+00
6.201968305743956300e+00
6.204113666468179744e+00
6.204255108548319519e+00
6.217774580908814741e+00
6.218686964639325687e+00
6.220898740189086951e+00
6.226248601423998608e+00
6.229918680081444116e+00
6.234415407454870106e+00
6.235294467371455873e+00
6.236299954137307644e+00
6.238948526831583408e+00
6.244195824903522762e+00
6.247120431734002999e+00
6.251106364449203312e+00
6.264266816970878615e+00
6.274223782088567347e+00
6.281182648723998341e+00
6.282470982330060849e+00
6.282766992960807428e+00
6.287927846197470139e+00
6.291364631759120307e+00
6.298280323234134670e+00
6.300603749032054779e+00
6.302639048444625303e+00
6.303541917346132450e+00
6.303773164195086487e+00
6.303891681429363736e+00
6.306792218404502215e+00
6.307269169060103486e+00
6.310567066164360028e+00
6.310585505391279604e+00
6.312206631944031976e+00
6.319691939654522805e+00
6.322441524680463054e+00
6.323333041057186854e+00
6.323513910605344179e+00
6.324166958643191450e+00
6.324521386821803759e+00
6.325020233034741146e+00
6.331798699456741453e+00
6.334742219852876666e+00
6.337928361902655183e+00
6.338700062758853448e+00
6.339977308082438867e+00
6.353938328948439462e+00
6.354219013750810774e+00
6.354579199475076656e+00
6.355968050167823513e+00
6.356812891465058790e+00
6.357579211800151064e+00
6.362860044407944393e+00
6.366585753027011130e+00
6.367176788592392001e+00
6.371053251672353035e+00
6.371278580303892269e+00
6.373453530131207856e+00
6.380473339799308086e+00
6.380890991505826726e+00
6.381011010427046770e+00
6.384709685936133639e+00
6.385753615374678560e+00
6.386652599152371934e+00
6.387295611691315322e+00
6.387757768304780370e+00
6.390384794524925915e+00
6.396957067284688492e+00
6.405702282125760760e+00
6.409758239172338889e+00
6.411660973921913254e+00
6.411778617577624573e+00
6.421155094603588687e+00
6.421209790830123332e+00
6.423990730536699445e+00
6.430651367649194761e+00
6.431649813250290393e+00
6.431676854642330632e+00
6.433674088501956767e+00
6.435373791172208868e+00
6.441258930745950906e+00
6.442626606710073922e+00
6.444418312233151980e+00
6.445453515380046738e+00
6.448266541167868127e+00
6.448854078767547904e+00
6.449528152828976069e+00
6.451150220164978855e+00
6.451366587392571184e+00
6.456252608609515775e+00
6.457557044596549112e+00
6.459123569736141768e+00
6.459659756142910325e+00
6.460875023397530725e+00
6.461355174720242900e+00
6.465862933428717874e+00
6.474481855045708834e+00
6.478289254388185370e+00
6.480325578332054803e+00
6.480344398310801779e+00
6.481052700676199763e+00
6.487048764867204831e+00
6.489681073148938495e+00
6.492310530681396408e+00
6.497921201734601304e+00
6.500275077332786644e+00
6.511194478317618106e+00
6.511195066310611068e+00
6.515345389366888007e+00
6.515651355838707914e+00
6.523549002982032441e+00
6.523673225960139987e+00
6.524014253447834477e+00
6.524407956091891059e+00
6.526057720370168624e+00
6.529796126350945862e+00
6.531555750004820915e+00
6.534244819204783283e+00
6.534347789494619363e+00
6.537658977500896640e+00
6.543371035881113684e+00
6.547920264933057233e+00
6.549326055075414210e+00
6.553999461421565087e+00
6.554995758383347138e+00
6.557468504832582035e+00
6.563178683376800215e+00
6.563299765987287593e+00
6.563862740709136112e+00
6.570129560439109007e+00
6.571506783944296437e+00
6.574799614795992397e+00
6.575451828327141257e+00
6.577404846349120149e+00
6.578896660594226731e+00
6.582837423089862305e+00
6.583045915760006750e+00
6.585043048363999674e+00
6.586726765743991407e+00
6.587738460944022378e+00
6.588075824547570569e+00
6.594650174073995785e+00
6.594901853280727089e+00
6.599730758636303207e+00
6.601189302159361283e+00
6.603036960516559084e+00
6.604406966673664670e+00
6.607336360345698267e+00
6.607628003932299876e+00
6.616027883087792993e+00
6.621788536031619543e+00
6.623383408631287494e+00
6.629428101949299545e+00
6.630550226111287415e+00
6.637070592831589622e+00
6.637076846979377720e+00
6.643570939454592761e+00
6.649265338408143045e+00
6.649828826650092672e+00
6.653875025679080402e+00
6.656454294534108307e+00
6.657934745582574365e+00
6.663761615497220347e+00
6.667048713933868775e+00
6.667978239215159419e+00
6.670364404181038154e+00
6.674240045735772675e+00
6.676878905020112498e+00
6.678305183898161523e+00
6.684567050114550213e+00
6.686035014914124552e+00
6.686077898882654580e+00
6.690252894218149393e+00
6.691093660623392836e+00
6.691488765743146772e+00
6.693258920506014675e+00
6.697151567362397806e+00
6.697982456928254003e+00
6.701641863589792969e+00
6.704309371864335176e+00
6.713248264946347632e+00
6.716328428891618962e+00
6.717510322686519153e+00
6.722385213767042345e+00
6.729643623153490850e+00
6.733623290520655225e+00
6.735196918548783884e+00
6.739004542988487501e+00
6.740501399023131945e+00
6.742860861826827090e+00
6.743668660674099868e+00
6.744239368450410055e+00
6.745488145217125364e+00
6.748711156533953925e+00
6.760142160873185091e+00
6.764296679181360794e+00
6.765389014715248450e+00
6.765503553926235369e+00
6.773226551382495408e+00
6.773518534106556466e+00
6.779130932349820782e+00
6.780054650907713309e+00
6.794582476508562507e+00
6.795184087491024094e+00
6.804355672218656004e+00
6.805166713853661342e+00
6.805475874590383611e+00
6.812408815301807863e+00
6.813676725968770498e+00
6.815371675287400066e+00
6.815811746278540362e+00
6.817451815623777556e+00
6.817779971948059625e+00
6.820284458218793588e+00
6.820421421822413066e+00
6.822254416587957060e+00
6.836016208678621808e+00
6.837374574275726147e+00
6.846733803574426069e+00
6.851490585472948425e+00
6.852196515714015668e+00
6.853718682112690530e+00
6.855179610226629805e+00
6.859741124862940964e+00
6.860671225690170516e+00
6.861007915078022990e+00
6.861070974405559575e+00
6.862127824926854913e+00
6.865520066709541958e+00
6.867658289590459653e+00
6.871720594797761983e+00
6.875982040093610692e+00
6.877315331847860591e+00
6.877384223402098762e+00
6.880727294248980996e+00
6.882092952967298949e+00
6.883626378106335153e+00
6.884913648260813090e+00
6.894663810855030661e+00
6.897802675939979977e+00
6.898194531841930655e+00
6.903232476898301329e+00
6.905725905331060233e+00
6.914757042284428223e+00
6.918354030107821906e+00
6.921969996907796130e+00
6.931446983891628832e+00
6.934716895464978492e+00
6.935976093774659290e+00
6.938422430449001865e+00
6.938885459105399001e+00
6.940069192878020488e+00
6.948845864157816798e+00
6.950088414749557408e+00
6.953932312719071085e+00
6.954150209887238532e+00
6.954464116394271755e+00
6.954655499944691677e+00
6.959793905746049170e+00
6.962508252762869887e+00
6.963354115873237049e+00
6.965811659330999994e+00
6.969667556247983065e+00
6.973685768731650469e+00
6.977920525504586635e+00
6.979506038017031067e+00
6.981863565053585852e+00
6.986864344924577530e+00
6.995630219648436565e+00
6.997199456801934225e+00
7.000379673563838168e+00
7.001851453079998677e+00
7.001864711236960304e+00
7.007764141834036842e+00
7.015665275498251141e+00
7.023120328869353557e+00
7.037483361265535642e+00
7.040652764970034561e+00
7.041557733371507588e+00
7.048731439983725977e+00
7.050207179091886545e+00
7.052255445863688799e+00
7.057664644874667381e+00
7.060783407139123113e+00
7.064357648958359270e+00
7.065373537123555536e+00
7.065499362709896758e+00
7.069875635964347538e+00
7.072838161141586255e+00
7.074165049972766184e+00
7.075284319401244026e+00
7.081826713302874943e+00
7.082014206848231908e+00
7.087844635915370617e+00
7.094816912632156303e+00
7.095592149203057808e+00
7.098035141630903766e+00
7.110036182840753227e+00
7.113099684027915259e+00
7.113484065230332831e+00
7.121607035990908940e+00
7.123850477775317103e+00
7.129513569656694472e+00
7.139070773358655586e+00
7.139782249752066434e+00
7.144387481290888076e+00
7.159579813571192553e+00
7.185145384004799851e+00
7.187513490504660041e+00
7.189054056508203061e+00
7.195579282716673575e+00
7.196613007595324518e+00
7.200018517737859725e+00
7.209266191564557502e+00
7.215562246719687600e+00
7.217709745940844357e+00
7.228105555103132573e+00
7.236510667927473328e+00
7.248219626100517843e+00
7.249190912545756760e+00
7.251802442310591346e+00
7.252129968527623483e+00
7.252232447684693994e+00
7.254988383456380419e+00
7.258308135676843520e+00
7.260994587839338266e+00
7.262694072326512540e+00
7.265231150229046975e+00
7.268897264949408132e+00
7.270917813570347832e+00
7.270995474818442439e+00
7.277245461192814346e+00
7.278477154337859467e+00
7.279291699919033576e+00
7.286832608103790854e+00
7.290015495403590506e+00
7.299971675924473935e+00
7.302852405476219388e+00
7.310424136776473958e+00
7.312446043051301636e+00
7.315768916953766521e+00
7.321844846042429467e+00
7.335173151342331721e+00
7.336088600466274201e+00
7.338896295845742657e+00
7.347592414879127176e+00
7.353454731612500517e+00
7.356160242337245414e+00
7.362302170625291353e+00
7.371120771430020646e+00
7.379147213161642682e+00
7.388659651666408479e+00
7.426885353776982335e+00
7.438859434225866707e+00
7.440001864082186778e+00
7.445864405446316781e+00
7.454728295219990919e+00
7.464157881015784035e+00
7.468152853347005404e+00
7.469362616991894299e+00
7.483389913295546592e+00
7.487190152526604692e+00
7.489241675725927472e+00
7.497208264860465654e+00
7.524636267944460499e+00
7.534030397128063328e+00
7.559688885332468189e+00
7.562473343340773368e+00
7.563584205149112449e+00
7.573648361421791542e+00
7.579474795205060289e+00
7.580625720412076163e+00
7.596929822370351637e+00
7.610822667538738706e+00
7.617502758477241898e+00
7.626967758550270204e+00
7.627807348482245509e+00
7.677609363795061981e+00
7.687509485119766950e+00
7.692286598484670002e+00
7.693547209956490107e+00
7.695396593738524693e+00
7.706810101127804735e+00
7.723723922068600700e+00
7.764590799186457559e+00
7.765402615508818052e+00
7.774121875507988833e+00
7.794415350222918981e+00
7.798895659177825124e+00
7.806242821257828091e+00
7.828049328418760666e+00
7.830441893745919479e+00
7.840759765487541166e+00
7.863598633886248024e+00
7.879568429014443431e+00
7.931442402327991026e+00
7.940589268376711196e+00
7.949029304982038191e+00
7.984691771239798896e+00
8.010121190148209891e+00
8.043413756663110092e+00
8.073953835784910993e+00
8.094039694065720880e+00
8.101131517877066202e+00
8.109264815117676051e+00
8.161373997084748311e+00
8.166084733854606981e+00
8.181105515129296180e+00
8.203074325355018459e+00
8.255269242353481474e+00
8.297680933276739168e+00
8.387489831196669243e+00
8.395685455138291786e+00
8.411748201328943964e+00
8.415434241962710615e+00
8.417851432563216107e+00
8.427232655429540031e+00
8.442081865565766563e+00
8.500817425529739069e+00
8.509449450616848765e+00
8.629681825720815880e+00
8.666457571877923982e+00
8.693065787587739734e+00
8.707576167075231410e+00
8.867872184178137829e+00
9.049757470194425224e+00
9.998509953288630570e+00
